Sean

NoSmile
120.384766	103.900391	121.615234	144.828125	135.443359	125.316406	156.888672	105.072266	153.255859	145.941406

127.773438	125.703125	130.515625	163.273438	144.250000	146.234375	163.070312	124.437500	163.492188	161.960938

156.727539	99.125244	155.927734	132.894775	167.635986	116.987549	188.119873	101.080322	184.698486	135.271973

157.642578	114.943359	157.621094	149.705078	167.976562	132.324219	189.740234	116.382812	186.796875	151.316406

132.073730	87.060059	133.680176	121.323242	144.695801	105.052246	163.927246	87.473145	161.127441	121.965820

Smile
139.004883	110.433838	140.024414	139.065674	151.600342	126.236572	166.234863	109.499268	166.213623	138.449707

147.890137	107.725586	146.926270	141.644531	164.528320	129.527344	179.422363	108.850098	175.888184	142.883789

150.037598	113.068848	149.598145	145.808105	165.000977	132.097168	180.733398	113.903809	177.942871	146.774902

123.450928	120.420410	122.665039	151.770996	138.425293	137.858643	155.332520	120.823975	154.589111	152.471924

126.663330	106.642578	126.902344	138.192383	141.004150	125.329102	158.843262	107.011963	158.778076	138.779053

Cry
129.599854	113.077881	130.144531	144.053467	143.477295	131.123291	158.799316	114.119873	155.176025	144.692871

138.648438	109.363770	135.398926	144.195312	150.625977	130.230469	172.164062	112.693848	166.309570	147.659668

118.352295	100.297852	116.170166	134.865967	131.737793	119.803955	151.350342	102.985596	144.857178	137.287598

154.230469	100.832031	154.394531	140.726562	170.527344	122.378906	191.062500	101.324219	188.902344	141.109375

141.643311	105.561035	139.712158	143.604736	154.471680	124.624268	176.459229	107.547363	170.858887	145.949707

Laugh
194.790039	100.014160	193.041748	129.417236	209.820801	118.405273	223.829834	100.536377	219.947266	130.189209

155.128174	110.211182	151.752930	138.119629	163.710938	127.318848	180.741455	113.740723	173.682373	141.764893

163.020508	111.388672	161.807617	144.361328	176.137695	130.974609	194.555664	112.781250	189.524414	146.135742

148.489502	112.983643	146.564453	144.549805	159.784668	131.955811	179.174316	115.975586	174.141357	147.773682

142.998047	125.456055	139.763672	154.430664	154.363281	146.097656	169.075195	128.802734	162.718750	157.754883

Surprise
125.461182	104.467529	129.528564	148.918213	144.839355	126.750977	165.931641	103.218262	163.404053	148.220947

125.968750	99.312500	127.593750	149.000000	144.781250	126.093750	165.906250	98.906250	161.625000	148.843750

141.257812	103.430908	144.569824	149.218018	159.793457	127.312256	180.566162	102.966064	174.871826	148.927490

129.091797	92.808105	134.099365	143.860107	150.255859	116.712158	172.459229	91.453857	165.876953	143.261719

127.966797	92.756836	129.269043	143.885498	152.213379	117.778564	171.933105	93.066895	164.057617	144.071533